 Cubic Grid

 curvature: 0.12313959067627467
 krd: 0.03506043330352406
 longacc: 0.1813174626930331
 longjerk: 1.7666829698295532
 latacc: 0.7544679289872063
 latjerk:3.3474353256441467

 Quartic Grid
